[FILTERED REGSHOT LINES MATCHING KEYWORDS]
HKLM\SOFTWARE\Microsoft\Windows\CurrentVersion\WindowsUpdate\Auto Update\UAS
HKLM\SOFTWARE\Microsoft\Windows\CurrentVersion\WindowsUpdate\Reporting\RebootWatch
HKU\S-1-5-21-4256571159-2166413623-464567181-1000\Software\Microsoft\Windows\CurrentVersion\Explorer\SessionInfo\1\WHCIconStartup
HKLM\SOFTWARE\Microsoft\Windows\CurrentVersion\WindowsUpdate\Auto Update\UAS\UpdateCount: 0x00000000
HKU\S-1-5-21-4256571159-2166413623-464567181-1000\Software\Microsoft\Windows\CurrentVersion\Action Center\Checks\{945a8954-c147-4acd-923f-40c45405a658}.check.42\CheckSetting:  23 00 41 00 43 00 42 00 6C 00 6F 00 62 00 00 00 00 00 00 00 01 00 00 00 80 00 00 00 73 00 6F 00 3B 73 0B F5 1E AA DB 01 00 00 00 00 7B 00 39 00 34 00 35 00 61 00 38 00 39 00 35 00 34 00 2D 00 63 00 31 00 34 00 37 00 2D 00 34 00 61 00 63 00 64 00 2D 00 39 00 32 00 33 00 66 00 2D 00 34 00 30 00 63 00 34 00 35 00 34 00 30 00 35 00 61 00 36 00 35 00 38 00 7D 00 2E 00 6E 00 6F 00 74 00 69 00 66 00 69 00 63 00 61 00 74 00 69 00 6F 00 6E 00 2E 00 30 00 00 00 63 00 66 00 66 00 30 00 00 00 00
HKU\S-1-5-21-4256571159-2166413623-464567181-1000\Software\Microsoft\Windows\CurrentVersion\Action Center\Checks\{945a8954-c147-4acd-923f-40c45405a658}.check.42\CheckSetting:  23 00 41 00 43 00 42 00 6C 00 6F 00 62 00 00 00 00 00 00 00 01 00 00 00 80 00 00 00 00 00 00 00 85 56 CB 7E AD B1 DB 01 00 00 00 00 7B 00 39 00 34 00 35 00 61 00 38 00 39 00 35 00 34 00 2D 00 63 00 31 00 34 00 37 00 2D 00 34 00 61 00 63 00 64 00 2D 00 39 00 32 00 33 00 66 00 2D 00 34 00 30 00 63 00 34 00 35 00 34 00 30 00 35 00 61 00 36 00 35 00 38 00 7D 00 2E 00 6E 00 6F 00 74 00 69 00 66 00 69 00 63 00 61 00 74 00 69 00 6F 00 6E 00 2E 00 30 00 00 00 72 00 00 00 16 00 00 00 00 00 00
HKU\S-1-5-21-4256571159-2166413623-464567181-1000\Software\Microsoft\Windows\CurrentVersion\Explorer\UserAssist\{CEBFF5CD-ACE2-4F4F-9178-9926F41749EA}\Count\HRZR_PGYFRFFVBA:  00 00 00 00 4E 01 00 00 05 04 00 00 82 57 07 02 23 00 00 00 7B 01 00 00 83 DB 6B 00 7B 00 46 00 33 00 38 00 42 00 46 00 34 00 30 00 34 00 2D 00 31 00 44 00 34 00 33 00 2D 00 34 00 32 00 46 00 32 00 2D 00 39 00 33 00 30 00 35 00 2D 00 36 00 37 00 44 00 45 00 30 00 42 00 32 00 38 00 46 00 43 00 32 00 33 00 7D 00 5C 00 65 00 78 00 70 00 6C 00 6F 00 72 00 65 00 72 00 2E 00 65 00 78 00 65 00 00 00 6E 00 69 00 63 00 6F 00 64 00 65 00 2E 00 65 00 78 00 65 00 00 00 00 A0 1D 1E 76 41 00 00 00 A0 1D 1E 76 41 00 00 00 A0 1D 1E 76 41 00 00 00 00 00 00 00 00 E0 41 C4 FE FE 07 00 00 00 00 00 00 00 00 00 00 01 00 00 00 00 00 00 00 6C 0E 00 FF FE 07 00 00 08 C5 F6 03 00 00 00 00 04 01 00 00 00 00 00 00 30 DD EC 02 00 00 00 00 23 00 00 00 7B 01 00 00 86 D8 6B 00 7B 00 46 00 33 00 38 00 42 00 46 00 34 00 30 00 34 00 2D 00 31 00 44
HKU\S-1-5-21-4256571159-2166413623-464567181-1000\Software\Microsoft\Windows\CurrentVersion\Explorer\UserAssist\{CEBFF5CD-ACE2-4F4F-9178-9926F41749EA}\Count\HRZR_PGYFRFFVBA:  00 00 00 00 4F 01 00 00 07 04 00 00 4F 91 07 02 23 00 00 00 7C 01 00 00 C9 EC 6B 00 7B 00 46 00 33 00 38 00 42 00 46 00 34 00 30 00 34 00 2D 00 31 00 44 00 34 00 33 00 2D 00 34 00 32 00 46 00 32 00 2D 00 39 00 33 00 30 00 35 00 2D 00 36 00 37 00 44 00 45 00 30 00 42 00 32 00 38 00 46 00 43 00 32 00 33 00 7D 00 5C 00 65 00 78 00 70 00 6C 00 6F 00 72 00 65 00 72 00 2E 00 65 00 78 00 65 00 00 00 6E 00 69 00 63 00 6F 00 64 00 65 00 2E 00 65 00 78 00 65 00 00 00 7B 02 00 00 00 00 00 00 00 00 00 00 00 00 00 00 00 00 00 00 00 00 00 00 00 00 00 00 00 00 3A 3F C3 FE FE 07 00 00 00 00 00 00 00 00 00 00 C0 DF EC 02 00 00 00 00 00 00 00 00 00 00 00 00 00 00 00 00 00 00 00 00 04 01 00 00 00 00 00 00 30 DD EC 02 00 00 00 00 05 01 00 40 00 00 00 00 E0 09 F8 03 00 00 00 00 46 03 0B 00 00 00 00 00 02 00 00 00 00 00 00 00 00 00 00
HKU\S-1-5-21-4256571159-2166413623-464567181-1000\Software\Microsoft\Windows\CurrentVersion\Explorer\UserAssist\{CEBFF5CD-ACE2-4F4F-9178-9926F41749EA}\Count\{S38OS404-1Q43-42S2-9305-67QR0O28SP23}\rkcybere.rkr:  00 00 00 00 23 00 00 00 7B 01 00 00 83 DB 6B 00 00 00 80 BF 00 00 80 BF 00 00 80 BF 00 00 80 BF 00 00 80 BF 00 00 80 BF 00 00 80 BF 00 00 80 BF 00 00 80 BF 00 00 80 BF FF FF FF FF 90 71 36 F5 81 A1 DA 01 00 00 00 00
HKU\S-1-5-21-4256571159-2166413623-464567181-1000\Software\Microsoft\Windows\CurrentVersion\Explorer\UserAssist\{CEBFF5CD-ACE2-4F4F-9178-9926F41749EA}\Count\{S38OS404-1Q43-42S2-9305-67QR0O28SP23}\rkcybere.rkr:  00 00 00 00 23 00 00 00 7C 01 00 00 C9 EC 6B 00 00 00 80 BF 00 00 80 BF 00 00 80 BF 00 00 80 BF 00 00 80 BF 00 00 80 BF 00 00 80 BF 00 00 80 BF 00 00 80 BF 00 00 80 BF FF FF FF FF 90 71 36 F5 81 A1 DA 01 00 00 00 00
HKU\S-1-5-21-4256571159-2166413623-464567181-1000\Software\Microsoft\Windows\CurrentVersion\Explorer\UserAssist\{CEBFF5CD-ACE2-4F4F-9178-9926F41749EA}\Count\P:\Hfref\Flfhfre\Qrfxgbc\p582o5864n67p2q63s8q3n8sns08o47r94646n96pq81nor507q8q08qs13r40p4\p582o5864n67p2q63s8q3n8sns08o47r94646n96pq81nor507q8q08qs13r40p4.rkr:  00 00 00 00 01 00 00 00 00 00 00 00 00 00 00 00 00 00 80 BF 00 00 80 BF 00 00 80 BF 00 00 80 BF 00 00 80 BF 00 00 80 BF 00 00 80 BF 00 00 80 BF 00 00 80 BF 00 00 80 BF FF FF FF FF 30 A4 71 63 9F B1 DB 01 00 00 00 00
HKU\S-1-5-21-4256571159-2166413623-464567181-1000\Software\Microsoft\Windows\CurrentVersion\Explorer\UserAssist\{CEBFF5CD-ACE2-4F4F-9178-9926F41749EA}\Count\P:\Hfref\Flfhfre\Qrfxgbc\p582o5864n67p2q63s8q3n8sns08o47r94646n96pq81nor507q8q08qs13r40p4\p582o5864n67p2q63s8q3n8sns08o47r94646n96pq81nor507q8q08qs13r40p4.rkr:  00 00 00 00 02 00 00 00 00 00 00 00 00 00 00 00 00 00 80 BF 00 00 80 BF 00 00 80 BF 00 00 80 BF 00 00 80 BF 00 00 80 BF 00 00 80 BF 00 00 80 BF 00 00 80 BF 00 00 80 BF FF FF FF FF 60 2D C3 77 AD B1 DB 01 00 00 00 00
HKU\S-1-5-21-4256571159-2166413623-464567181-1000\Software\Microsoft\Windows\CurrentVersion\Explorer\UserAssist\{CEBFF5CD-ACE2-4F4F-9178-9926F41749EA}\Count\P:\Hfref\Flfhfre\Qrfxgbc\Ertfubg-1.9.0\Ertfubg-k64-Havpbqr.rkr:  00 00 00 00 01 00 00 00 02 00 00 00 27 2B 00 00 00 00 80 BF 00 00 80 BF 00 00 80 BF 00 00 80 BF 00 00 80 BF 00 00 80 BF 00 00 80 BF 00 00 80 BF 00 00 80 BF 00 00 80 BF FF FF FF FF A0 B4 84 4E AD B1 DB 01 00 00 00 00
HKU\S-1-5-21-4256571159-2166413623-464567181-1000\Software\Microsoft\Windows\CurrentVersion\Explorer\UserAssist\{CEBFF5CD-ACE2-4F4F-9178-9926F41749EA}\Count\P:\Hfref\Flfhfre\Qrfxgbc\Ertfubg-1.9.0\Ertfubg-k64-Havpbqr.rkr:  00 00 00 00 01 00 00 00 03 00 00 00 AE 53 00 00 00 00 80 BF 00 00 80 BF 00 00 80 BF 00 00 80 BF 00 00 80 BF 00 00 80 BF 00 00 80 BF 00 00 80 BF 00 00 80 BF 00 00 80 BF FF FF FF FF A0 B4 84 4E AD B1 DB 01 00 00 00 00
